20200922
20200923
20200924
20200925
20200926
20200927
20200928
20200929
20200930
20201001
20201002
20201003
20201004
20201005
20201006
20201007
20201008
20201009
20201010
20201011
20201012
20201013
20201014
20201015
20201016
20201017
20201018
20201019
20201020
20201021
20201022
20201023
20201024
20201025
20201026
20201027
20201028
20201029
20201030
20201031
20201101
20201102
20201103
20201104
20201105
20201106
20201107
20201108
20201109
20201110
20201111
20201112
20201113
20201114
20201115
20201116
20201117
20201118
20201119
20201120
20201121
20201122
20201123
20201124
20201125
20201126
20201127
20201128
20201129
20201130
20201201
20201202
20201203
20201204
20201205
20201206
20201207
20201208
20201209
20201210
20201211
20201212
20201213
20201214
20201215
20201216
20201217
20201218
20201219
20201220
20201221
20201222
20201223
20201224
20201225
20201226
20201227
20201228
20201229
20201230
20201231
20210101
20210102
20210103
20210104
20210105
20210106
20210107
20210108
20210109
20210110
20210111
20210112
20210113
20210114
20210115
20210116
20210117
20210118
20210119
20210120
20210121
20210122
20210123
20210124
20210125
